{
  "analysis_summary": {
    "ari_score": -0.05982905982905983,
    "cluster_correlation": 0.0,
    "working_avg_similarity": -0.03170738240615243,
    "failing_avg_similarity": -0.03161162838694595,
    "evidence_score": 3,
    "max_evidence_score": 6,
    "final_conclusion": "MIXED EVIDENCE - PARTIAL FUNCTIONAL SPECIALIZATION",
    "response_to_critic": "The critic raises valid points but evidence is mixed"
  },
  "detailed_results": {
    "similarity_matrix": [
      [
        1.0,
        0.39290082454681396,
        0.3723992705345154,
        0.6309345364570618,
        -0.098697230219841,
        -0.09833226352930069,
        -0.0902656838297844,
        -0.09624051302671432,
        -0.07808537036180496,
        -0.07342853397130966,
        -0.0707029327750206,
        -0.07508058100938797,
        -0.07947559654712677,
        -0.08499453961849213,
        -0.08414293080568314,
        -0.0751299038529396,
        -0.07147422432899475,
        -0.061300888657569885,
        -0.07173352688550949,
        -0.07573343068361282,
        -0.09173527359962463,
        -0.08656447380781174,
        -0.08977756649255753,
        -0.08543509244918823,
        -0.07697518169879913,
        -0.08148425817489624,
        -0.08239403367042542,
        -0.08051073551177979,
        -0.06019733473658562,
        -0.07131065428256989,
        -0.06549985706806183,
        -0.06862985342741013
      ],
      [
        0.39290082454681396,
        0.9999999403953552,
        0.6592373847961426,
        0.35977816581726074,
        -0.10067711770534515,
        -0.09911295026540756,
        -0.09088385105133057,
        -0.09723125398159027,
        -0.07806159555912018,
        -0.07410185784101486,
        -0.07045644521713257,
        -0.07685473561286926,
        -0.08055682480335236,
        -0.08472518622875214,
        -0.08630241453647614,
        -0.07681193202733994,
        -0.07448016852140427,
        -0.061914630234241486,
        -0.07122202217578888,
        -0.07602719217538834,
        -0.09136506170034409,
        -0.08577997982501984,
        -0.09124346077442169,
        -0.08480476588010788,
        -0.07565851509571075,
        -0.08117952942848206,
        -0.08233649283647537,
        -0.08005283772945404,
        -0.06152720004320145,
        -0.0702613815665245,
        -0.06641700863838196,
        -0.0710441842675209
      ],
      [
        0.3723992705345154,
        0.6592373847961426,
        0.9999999403953552,
        0.2881790101528168,
        -0.09453923255205154,
        -0.0961560532450676,
        -0.08776720613241196,
        -0.09604258835315704,
        -0.07470797002315521,
        -0.07100845128297806,
        -0.06773237884044647,
        -0.07349104434251785,
        -0.0768820270895958,
        -0.08055412024259567,
        -0.08283409476280212,
        -0.07289539277553558,
        -0.07044750452041626,
        -0.0612482987344265,
        -0.06911948323249817,
        -0.07310271263122559,
        -0.08680334687232971,
        -0.08350757509469986,
        -0.0859307199716568,
        -0.08132987469434738,
        -0.07443361729383469,
        -0.07997138798236847,
        -0.07975500077009201,
        -0.0788302794098854,
        -0.05831572040915489,
        -0.06609183549880981,
        -0.06238727271556854,
        -0.06732741743326187
      ],
      [
        0.6309345364570618,
        0.35977816581726074,
        0.2881790101528168,
        0.9999999403953552,
        -0.09327041357755661,
        -0.09361086040735245,
        -0.08926845341920853,
        -0.09275443851947784,
        -0.07421569526195526,
        -0.07040844112634659,
        -0.06617020815610886,
        -0.07106993347406387,
        -0.07743428647518158,
        -0.08353542536497116,
        -0.08359856903553009,
        -0.07312876731157303,
        -0.06910824030637741,
        -0.06069210544228554,
        -0.06796451658010483,
        -0.07206398248672485,
        -0.0864054262638092,
        -0.08227680623531342,
        -0.08532442152500153,
        -0.08122776448726654,
        -0.07344631850719452,
        -0.07752130180597305,
        -0.07961799949407578,
        -0.07685701549053192,
        -0.05791007727384567,
        -0.06792785972356796,
        -0.06280066817998886,
        -0.06756005436182022
      ],
      [
        -0.098697230219841,
        -0.10067711770534515,
        -0.09453923255205154,
        -0.09327041357755661,
        0.9999998807907104,
        0.4881701171398163,
        0.5307020545005798,
        0.5187911987304688,
        -0.0986456349492073,
        -0.10105238109827042,
        -0.09532909095287323,
        -0.10029277950525284,
        -0.10385889559984207,
        -0.10577063262462616,
        -0.1032731682062149,
        -0.10170586407184601,
        -0.10542633384466171,
        -0.0934174507856369,
        -0.1046702116727829,
        -0.1076844185590744,
        -0.10885600745677948,
        -0.10677599161863327,
        -0.11017812043428421,
        -0.10593505948781967,
        -0.09951546788215637,
        -0.10344023257493973,
        -0.10559004545211792,
        -0.10403519123792648,
        -0.093614362180233,
        -0.10567227751016617,
        -0.10302563011646271,
        -0.10282012820243835
      ],
      [
        -0.09833226352930069,
        -0.09911295026540756,
        -0.0961560532450676,
        -0.09361086040735245,
        0.4881701171398163,
        1.0,
        0.4358460605144501,
        0.636923611164093,
        -0.10181734710931778,
        -0.10003688186407089,
        -0.09688231348991394,
        -0.10015305131673813,
        -0.10356446355581284,
        -0.10391721874475479,
        -0.10696345567703247,
        -0.10215196013450623,
        -0.10498557239770889,
        -0.0944986343383789,
        -0.10524135082960129,
        -0.10831241309642792,
        -0.11138530820608139,
        -0.10702867060899734,
        -0.11065632104873657,
        -0.10668901354074478,
        -0.10073073208332062,
        -0.10417705774307251,
        -0.10607127100229263,
        -0.10302082449197769,
        -0.09309139847755432,
        -0.10569155216217041,
        -0.1043931096792221,
        -0.10209131240844727
      ],
      [
        -0.0902656838297844,
        -0.09088385105133057,
        -0.08776720613241196,
        -0.08926845341920853,
        0.5307020545005798,
        0.4358460605144501,
        1.0,
        0.3770063817501068,
        -0.09613388031721115,
        -0.092692069709301,
        -0.08861836045980453,
        -0.09333907067775726,
        -0.09642186760902405,
        -0.09651615470647812,
        -0.096933513879776,
        -0.09473603218793869,
        -0.09737257659435272,
        -0.08732970058917999,
        -0.09787392616271973,
        -0.10046599060297012,
        -0.10294162482023239,
        -0.0986468642950058,
        -0.10242730379104614,
        -0.09833240509033203,
        -0.09322505444288254,
        -0.09722734987735748,
        -0.09792130440473557,
        -0.09630362689495087,
        -0.08421142399311066,
        -0.09638331830501556,
        -0.09508492052555084,
        -0.09249407052993774
      ],
      [
        -0.09624051302671432,
        -0.09723125398159027,
        -0.09604258835315704,
        -0.09275443851947784,
        0.5187911987304688,
        0.636923611164093,
        0.3770063817501068,
        0.9999998807907104,
        -0.10226001590490341,
        -0.09984472393989563,
        -0.09561935812234879,
        -0.09999818354845047,
        -0.10151870548725128,
        -0.10182717442512512,
        -0.1049286425113678,
        -0.10220085084438324,
        -0.10396165400743484,
        -0.09334316849708557,
        -0.10498220473527908,
        -0.10783740878105164,
        -0.1099262535572052,
        -0.10550957173109055,
        -0.10966552793979645,
        -0.10539329051971436,
        -0.10041027516126633,
        -0.10270974040031433,
        -0.10528943687677383,
        -0.10242275893688202,
        -0.0900743156671524,
        -0.10246094316244125,
        -0.10212543606758118,
        -0.09960902482271194
      ],
      [
        -0.07808537036180496,
        -0.07806159555912018,
        -0.07470797002315521,
        -0.07421569526195526,
        -0.0986456349492073,
        -0.10181734710931778,
        -0.09613388031721115,
        -0.10226001590490341,
        1.0,
        0.5143181085586548,
        0.4753318727016449,
        0.5047649145126343,
        -0.08869892358779907,
        -0.09073902666568756,
        -0.08973135054111481,
        -0.0897727683186531,
        -0.0881936326622963,
        -0.07797088474035263,
        -0.08826278895139694,
        -0.09154751896858215,
        -0.09731153398752213,
        -0.09211504459381104,
        -0.09851282835006714,
        -0.09080716967582703,
        -0.09027699381113052,
        -0.09369263052940369,
        -0.09588256478309631,
        -0.09326104819774628,
        -0.07676795870065689,
        -0.08784294873476028,
        -0.08621638268232346,
        -0.0865524485707283
      ],
      [
        -0.07342853397130966,
        -0.07410185784101486,
        -0.07100845128297806,
        -0.07040844112634659,
        -0.10105238109827042,
        -0.10003688186407089,
        -0.092692069709301,
        -0.09984472393989563,
        0.5143181085586548,
        1.0,
        0.3976307213306427,
        0.48766568303108215,
        -0.0858968049287796,
        -0.0860392302274704,
        -0.08739212900400162,
        -0.0813065767288208,
        -0.08376149088144302,
        -0.07349839061498642,
        -0.08416606485843658,
        -0.08603422343730927,
        -0.09517771005630493,
        -0.0889124870300293,
        -0.09434599429368973,
        -0.08716300874948502,
        -0.08571275323629379,
        -0.09014001488685608,
        -0.0919032171368599,
        -0.08944977819919586,
        -0.07368896156549454,
        -0.08375178277492523,
        -0.08153355121612549,
        -0.08226898312568665
      ],
      [
        -0.0707029327750206,
        -0.07045644521713257,
        -0.06773237884044647,
        -0.06617020815610886,
        -0.09532909095287323,
        -0.09688231348991394,
        -0.08861836045980453,
        -0.09561935812234879,
        0.4753318727016449,
        0.3976307213306427,
        0.9999999403953552,
        0.42698046565055847,
        -0.08233848959207535,
        -0.08350804448127747,
        -0.0846509262919426,
        -0.07806933671236038,
        -0.07720832526683807,
        -0.07056346535682678,
        -0.07978514581918716,
        -0.0829603374004364,
        -0.08982641249895096,
        -0.08685141801834106,
        -0.08884897083044052,
        -0.08521455526351929,
        -0.08223430067300797,
        -0.08555629104375839,
        -0.08644827455282211,
        -0.0868317112326622,
        -0.06899207830429077,
        -0.07915732264518738,
        -0.0764511451125145,
        -0.078155517578125
      ],
      [
        -0.07508058100938797,
        -0.07685473561286926,
        -0.07349104434251785,
        -0.07106993347406387,
        -0.10029277950525284,
        -0.10015305131673813,
        -0.09333907067775726,
        -0.09999818354845047,
        0.5047649145126343,
        0.48766568303108215,
        0.42698046565055847,
        1.0,
        -0.08736792951822281,
        -0.08841293305158615,
        -0.08832573890686035,
        -0.08269190788269043,
        -0.08394091576337814,
        -0.07578079402446747,
        -0.08629221469163895,
        -0.08896839618682861,
        -0.09535953402519226,
        -0.09008418768644333,
        -0.09463031589984894,
        -0.08973871916532516,
        -0.08735226839780807,
        -0.09205973148345947,
        -0.09258155524730682,
        -0.0906105786561966,
        -0.07496234029531479,
        -0.08651331067085266,
        -0.08275976032018661,
        -0.08454211056232452
      ],
      [
        -0.07947559654712677,
        -0.08055682480335236,
        -0.0768820270895958,
        -0.07743428647518158,
        -0.10385889559984207,
        -0.10356446355581284,
        -0.09642186760902405,
        -0.10151870548725128,
        -0.08869892358779907,
        -0.0858968049287796,
        -0.08233848959207535,
        -0.08736792951822281,
        1.0000001192092896,
        0.504422664642334,
        0.5571897625923157,
        0.46223190426826477,
        -0.08879078179597855,
        -0.07924207299947739,
        -0.08803308755159378,
        -0.09388165175914764,
        -0.09814617782831192,
        -0.0944289043545723,
        -0.09790652245283127,
        -0.09367825090885162,
        -0.08884956687688828,
        -0.0942581444978714,
        -0.09485044330358505,
        -0.09314076602458954,
        -0.07442312687635422,
        -0.08638103306293488,
        -0.08272624760866165,
        -0.0824747160077095
      ],
      [
        -0.08499453961849213,
        -0.08472518622875214,
        -0.08055412024259567,
        -0.08353542536497116,
        -0.10577063262462616,
        -0.10391721874475479,
        -0.09651615470647812,
        -0.10182717442512512,
        -0.09073902666568756,
        -0.0860392302274704,
        -0.08350804448127747,
        -0.08841293305158615,
        0.504422664642334,
        0.9999999403953552,
        0.5575419664382935,
        0.5071236491203308,
        -0.09122325479984283,
        -0.08157043904066086,
        -0.09464392066001892,
        -0.09354325383901596,
        -0.0984170064330101,
        -0.09389755129814148,
        -0.09853288531303406,
        -0.09379646182060242,
        -0.09296464174985886,
        -0.0951281189918518,
        -0.09715331345796585,
        -0.09427659213542938,
        -0.07519636303186417,
        -0.08520692586898804,
        -0.08406215161085129,
        -0.08090448379516602
      ],
      [
        -0.08414293080568314,
        -0.08630241453647614,
        -0.08283409476280212,
        -0.08359856903553009,
        -0.1032731682062149,
        -0.10696345567703247,
        -0.096933513879776,
        -0.1049286425113678,
        -0.08973135054111481,
        -0.08739212900400162,
        -0.0846509262919426,
        -0.08832573890686035,
        0.5571897625923157,
        0.5575419664382935,
        1.0,
        0.47618430852890015,
        -0.093132384121418,
        -0.08216483891010284,
        -0.09544432163238525,
        -0.09706035256385803,
        -0.09848348051309586,
        -0.09440292418003082,
        -0.09800680726766586,
        -0.0940181240439415,
        -0.09171417355537415,
        -0.09566584974527359,
        -0.0965365394949913,
        -0.0965176522731781,
        -0.07745891064405441,
        -0.08850864320993423,
        -0.08640644699335098,
        -0.08336082845926285
      ],
      [
        -0.0751299038529396,
        -0.07681193202733994,
        -0.07289539277553558,
        -0.07312876731157303,
        -0.10170586407184601,
        -0.10215196013450623,
        -0.09473603218793869,
        -0.10220085084438324,
        -0.0897727683186531,
        -0.0813065767288208,
        -0.07806933671236038,
        -0.08269190788269043,
        0.46223190426826477,
        0.5071236491203308,
        0.47618430852890015,
        1.0000001192092896,
        -0.08806441724300385,
        -0.07829921692609787,
        -0.0873054638504982,
        -0.09118715673685074,
        -0.09331539273262024,
        -0.08904407918453217,
        -0.0927603617310524,
        -0.08799920231103897,
        -0.08689364045858383,
        -0.09124070405960083,
        -0.09264352172613144,
        -0.09030332416296005,
        -0.07237459719181061,
        -0.08299751579761505,
        -0.0798792913556099,
        -0.0791594460606575
      ],
      [
        -0.07147422432899475,
        -0.07448016852140427,
        -0.07044750452041626,
        -0.06910824030637741,
        -0.10542633384466171,
        -0.10498557239770889,
        -0.09737257659435272,
        -0.10396165400743484,
        -0.0881936326622963,
        -0.08376149088144302,
        -0.07720832526683807,
        -0.08394091576337814,
        -0.08879078179597855,
        -0.09122325479984283,
        -0.093132384121418,
        -0.08806441724300385,
        0.9999999403953552,
        0.3715624213218689,
        0.5038432478904724,
        0.5808197855949402,
        -0.09554605931043625,
        -0.09180852770805359,
        -0.09680265188217163,
        -0.0905744880437851,
        -0.0830620750784874,
        -0.08759229630231857,
        -0.08717843145132065,
        -0.08659839630126953,
        -0.07177525758743286,
        -0.08158540725708008,
        -0.0770217701792717,
        -0.0799773633480072
      ],
      [
        -0.061300888657569885,
        -0.061914630234241486,
        -0.0612482987344265,
        -0.06069210544228554,
        -0.0934174507856369,
        -0.0944986343383789,
        -0.08732970058917999,
        -0.09334316849708557,
        -0.07797088474035263,
        -0.07349839061498642,
        -0.07056346535682678,
        -0.07578079402446747,
        -0.07924207299947739,
        -0.08157043904066086,
        -0.08216483891010284,
        -0.07829921692609787,
        0.3715624213218689,
        1.0,
        0.3870295584201813,
        0.3948284089565277,
        -0.09002469480037689,
        -0.08492118120193481,
        -0.08678954094648361,
        -0.08317110687494278,
        -0.07399259507656097,
        -0.07705634832382202,
        -0.07940280437469482,
        -0.07715719193220139,
        -0.06210339069366455,
        -0.07187434285879135,
        -0.06756425648927689,
        -0.07137704640626907
      ],
      [
        -0.07173352688550949,
        -0.07122202217578888,
        -0.06911948323249817,
        -0.06796451658010483,
        -0.1046702116727829,
        -0.10524135082960129,
        -0.09787392616271973,
        -0.10498220473527908,
        -0.08826278895139694,
        -0.08416606485843658,
        -0.07978514581918716,
        -0.08629221469163895,
        -0.08803308755159378,
        -0.09464392066001892,
        -0.09544432163238525,
        -0.0873054638504982,
        0.5038432478904724,
        0.3870295584201813,
        1.0,
        0.5769981145858765,
        -0.09738285094499588,
        -0.09182613343000412,
        -0.09679658710956573,
        -0.0939411148428917,
        -0.08255147188901901,
        -0.08763502538204193,
        -0.0905366986989975,
        -0.0858469009399414,
        -0.07123821973800659,
        -0.08257856220006943,
        -0.07862270623445511,
        -0.08223699778318405
      ],
      [
        -0.07573343068361282,
        -0.07602719217538834,
        -0.07310271263122559,
        -0.07206398248672485,
        -0.1076844185590744,
        -0.10831241309642792,
        -0.10046599060297012,
        -0.10783740878105164,
        -0.09154751896858215,
        -0.08603422343730927,
        -0.0829603374004364,
        -0.08896839618682861,
        -0.09388165175914764,
        -0.09354325383901596,
        -0.09706035256385803,
        -0.09118715673685074,
        0.5808197855949402,
        0.3948284089565277,
        0.5769981145858765,
        0.9999999403953552,
        -0.09996078163385391,
        -0.09688173979520798,
        -0.10240315645933151,
        -0.09669826179742813,
        -0.08545583486557007,
        -0.09184535592794418,
        -0.09040708094835281,
        -0.08895663172006607,
        -0.07305846363306046,
        -0.08387281000614166,
        -0.08017648756504059,
        -0.08335112780332565
      ],
      [
        -0.09173527359962463,
        -0.09136506170034409,
        -0.08680334687232971,
        -0.0864054262638092,
        -0.10885600745677948,
        -0.11138530820608139,
        -0.10294162482023239,
        -0.1099262535572052,
        -0.09731153398752213,
        -0.09517771005630493,
        -0.08982641249895096,
        -0.09535953402519226,
        -0.09814617782831192,
        -0.0984170064330101,
        -0.09848348051309586,
        -0.09331539273262024,
        -0.09554605931043625,
        -0.09002469480037689,
        -0.09738285094499588,
        -0.09996078163385391,
        0.9999998807907104,
        0.5377247929573059,
        0.5562583208084106,
        0.5048547387123108,
        -0.09842061251401901,
        -0.10534117370843887,
        -0.10428767651319504,
        -0.10349935293197632,
        -0.08370857685804367,
        -0.09502792358398438,
        -0.09105777740478516,
        -0.09238486737012863
      ],
      [
        -0.08656447380781174,
        -0.08577997982501984,
        -0.08350757509469986,
        -0.08227680623531342,
        -0.10677599161863327,
        -0.10702867060899734,
        -0.0986468642950058,
        -0.10550957173109055,
        -0.09211504459381104,
        -0.0889124870300293,
        -0.08685141801834106,
        -0.09008418768644333,
        -0.0944289043545723,
        -0.09389755129814148,
        -0.09440292418003082,
        -0.08904407918453217,
        -0.09180852770805359,
        -0.08492118120193481,
        -0.09182613343000412,
        -0.09688173979520798,
        0.5377247929573059,
        1.0,
        0.510277509689331,
        0.42041292786598206,
        -0.09540199488401413,
        -0.09761592745780945,
        -0.10141545534133911,
        -0.09748249500989914,
        -0.0795876532793045,
        -0.08990082144737244,
        -0.08694345504045486,
        -0.0870799720287323
      ],
      [
        -0.08977756649255753,
        -0.09124346077442169,
        -0.0859307199716568,
        -0.08532442152500153,
        -0.11017812043428421,
        -0.11065632104873657,
        -0.10242730379104614,
        -0.10966552793979645,
        -0.09851282835006714,
        -0.09434599429368973,
        -0.08884897083044052,
        -0.09463031589984894,
        -0.09790652245283127,
        -0.09853288531303406,
        -0.09800680726766586,
        -0.0927603617310524,
        -0.09680265188217163,
        -0.08678954094648361,
        -0.09679658710956573,
        -0.10240315645933151,
        0.5562583208084106,
        0.510277509689331,
        1.0,
        0.523549497127533,
        -0.09987406432628632,
        -0.10241913795471191,
        -0.10656526684761047,
        -0.1010337695479393,
        -0.0833202674984932,
        -0.09537205100059509,
        -0.0898706391453743,
        -0.09199617058038712
      ],
      [
        -0.08543509244918823,
        -0.08480476588010788,
        -0.08132987469434738,
        -0.08122776448726654,
        -0.10593505948781967,
        -0.10668901354074478,
        -0.09833240509033203,
        -0.10539329051971436,
        -0.09080716967582703,
        -0.08716300874948502,
        -0.08521455526351929,
        -0.08973871916532516,
        -0.09367825090885162,
        -0.09379646182060242,
        -0.0940181240439415,
        -0.08799920231103897,
        -0.0905744880437851,
        -0.08317110687494278,
        -0.0939411148428917,
        -0.09669826179742813,
        0.5048547387123108,
        0.42041292786598206,
        0.523549497127533,
        1.0,
        -0.09538140147924423,
        -0.0967070460319519,
        -0.10011711716651917,
        -0.09611648321151733,
        -0.07870224118232727,
        -0.08969800174236298,
        -0.08663886040449142,
        -0.08719909191131592
      ],
      [
        -0.07697518169879913,
        -0.07565851509571075,
        -0.07443361729383469,
        -0.07344631850719452,
        -0.09951546788215637,
        -0.10073073208332062,
        -0.09322505444288254,
        -0.10041027516126633,
        -0.09027699381113052,
        -0.08571275323629379,
        -0.08223430067300797,
        -0.08735226839780807,
        -0.08884956687688828,
        -0.09296464174985886,
        -0.09171417355537415,
        -0.08689364045858383,
        -0.0830620750784874,
        -0.07399259507656097,
        -0.08255147188901901,
        -0.08545583486557007,
        -0.09842061251401901,
        -0.09540199488401413,
        -0.09987406432628632,
        -0.09538140147924423,
        1.0,
        0.4526923596858978,
        0.5394630432128906,
        0.44149115681648254,
        -0.07355353981256485,
        -0.08445964753627777,
        -0.08217667043209076,
        -0.08198567479848862
      ],
      [
        -0.08148425817489624,
        -0.08117952942848206,
        -0.07997138798236847,
        -0.07752130180597305,
        -0.10344023257493973,
        -0.10417705774307251,
        -0.09722734987735748,
        -0.10270974040031433,
        -0.09369263052940369,
        -0.09014001488685608,
        -0.08555629104375839,
        -0.09205973148345947,
        -0.0942581444978714,
        -0.0951281189918518,
        -0.09566584974527359,
        -0.09124070405960083,
        -0.08759229630231857,
        -0.07705634832382202,
        -0.08763502538204193,
        -0.09184535592794418,
        -0.10534117370843887,
        -0.09761592745780945,
        -0.10241913795471191,
        -0.0967070460319519,
        0.4526923596858978,
        1.0,
        0.5384637713432312,
        0.5461819767951965,
        -0.07640242576599121,
        -0.08933655917644501,
        -0.08528107404708862,
        -0.0876123458147049
      ],
      [
        -0.08239403367042542,
        -0.08233649283647537,
        -0.07975500077009201,
        -0.07961799949407578,
        -0.10559004545211792,
        -0.10607127100229263,
        -0.09792130440473557,
        -0.10528943687677383,
        -0.09588256478309631,
        -0.0919032171368599,
        -0.08644827455282211,
        -0.09258155524730682,
        -0.09485044330358505,
        -0.09715331345796585,
        -0.0965365394949913,
        -0.09264352172613144,
        -0.08717843145132065,
        -0.07940280437469482,
        -0.0905366986989975,
        -0.09040708094835281,
        -0.10428767651319504,
        -0.10141545534133911,
        -0.10656526684761047,
        -0.10011711716651917,
        0.5394630432128906,
        0.5384637713432312,
        1.0000001192092896,
        0.5143164992332458,
        -0.07936491072177887,
        -0.09079853445291519,
        -0.08702351152896881,
        -0.08739941567182541
      ],
      [
        -0.08051073551177979,
        -0.08005283772945404,
        -0.0788302794098854,
        -0.07685701549053192,
        -0.10403519123792648,
        -0.10302082449197769,
        -0.09630362689495087,
        -0.10242275893688202,
        -0.09326104819774628,
        -0.08944977819919586,
        -0.0868317112326622,
        -0.0906105786561966,
        -0.09314076602458954,
        -0.09427659213542938,
        -0.0965176522731781,
        -0.09030332416296005,
        -0.08659839630126953,
        -0.07715719193220139,
        -0.0858469009399414,
        -0.08895663172006607,
        -0.10349935293197632,
        -0.09748249500989914,
        -0.1010337695479393,
        -0.09611648321151733,
        0.44149115681648254,
        0.5461819767951965,
        0.5143164992332458,
        1.0,
        -0.07699953764677048,
        -0.08679435402154922,
        -0.08280032128095627,
        -0.0847581997513771
      ],
      [
        -0.06019733473658562,
        -0.06152720004320145,
        -0.05831572040915489,
        -0.05791007727384567,
        -0.093614362180233,
        -0.09309139847755432,
        -0.08421142399311066,
        -0.0900743156671524,
        -0.07676795870065689,
        -0.07368896156549454,
        -0.06899207830429077,
        -0.07496234029531479,
        -0.07442312687635422,
        -0.07519636303186417,
        -0.07745891064405441,
        -0.07237459719181061,
        -0.07177525758743286,
        -0.06210339069366455,
        -0.07123821973800659,
        -0.07305846363306046,
        -0.08370857685804367,
        -0.0795876532793045,
        -0.0833202674984932,
        -0.07870224118232727,
        -0.07355353981256485,
        -0.07640242576599121,
        -0.07936491072177887,
        -0.07699953764677048,
        1.0,
        0.43075549602508545,
        0.4836790859699249,
        0.42281943559646606
      ],
      [
        -0.07131065428256989,
        -0.0702613815665245,
        -0.06609183549880981,
        -0.06792785972356796,
        -0.10567227751016617,
        -0.10569155216217041,
        -0.09638331830501556,
        -0.10246094316244125,
        -0.08784294873476028,
        -0.08375178277492523,
        -0.07915732264518738,
        -0.08651331067085266,
        -0.08638103306293488,
        -0.08520692586898804,
        -0.08850864320993423,
        -0.08299751579761505,
        -0.08158540725708008,
        -0.07187434285879135,
        -0.08257856220006943,
        -0.08387281000614166,
        -0.09502792358398438,
        -0.08990082144737244,
        -0.09537205100059509,
        -0.08969800174236298,
        -0.08445964753627777,
        -0.08933655917644501,
        -0.09079853445291519,
        -0.08679435402154922,
        0.43075549602508545,
        1.0000001192092896,
        0.6189548373222351,
        0.6936069130897522
      ],
      [
        -0.06549985706806183,
        -0.06641700863838196,
        -0.06238727271556854,
        -0.06280066817998886,
        -0.10302563011646271,
        -0.1043931096792221,
        -0.09508492052555084,
        -0.10212543606758118,
        -0.08621638268232346,
        -0.08153355121612549,
        -0.0764511451125145,
        -0.08275976032018661,
        -0.08272624760866165,
        -0.08406215161085129,
        -0.08640644699335098,
        -0.0798792913556099,
        -0.0770217701792717,
        -0.06756425648927689,
        -0.07862270623445511,
        -0.08017648756504059,
        -0.09105777740478516,
        -0.08694345504045486,
        -0.0898706391453743,
        -0.08663886040449142,
        -0.08217667043209076,
        -0.08528107404708862,
        -0.08702351152896881,
        -0.08280032128095627,
        0.4836790859699249,
        0.6189548373222351,
        1.0,
        0.5380147099494934
      ],
      [
        -0.06862985342741013,
        -0.0710441842675209,
        -0.06732741743326187,
        -0.06756005436182022,
        -0.10282012820243835,
        -0.10209131240844727,
        -0.09249407052993774,
        -0.09960902482271194,
        -0.0865524485707283,
        -0.08226898312568665,
        -0.078155517578125,
        -0.08454211056232452,
        -0.0824747160077095,
        -0.08090448379516602,
        -0.08336082845926285,
        -0.0791594460606575,
        -0.0799773633480072,
        -0.07137704640626907,
        -0.08223699778318405,
        -0.08335112780332565,
        -0.09238486737012863,
        -0.0870799720287323,
        -0.09199617058038712,
        -0.08719909191131592,
        -0.08198567479848862,
        -0.0876123458147049,
        -0.08739941567182541,
        -0.0847581997513771,
        0.42281943559646606,
        0.6936069130897522,
        0.5380147099494934,
        0.9999999403953552
      ]
    ],
    "cluster_labels": [
      0,
      0,
      0,
      0,
      3,
      3,
      3,
      3,
      6,
      6,
      6,
      6,
      4,
      4,
      4,
      4,
      2,
      2,
      2,
      2,
      5,
      5,
      5,
      5,
      7,
      7,
      7,
      7,
      1,
      1,
      1,
      1
    ],
    "correlation_results": {
      "ari_score": -0.05982905982905983,
      "cluster_correlation": 0.0,
      "cluster_p_value": 1.0,
      "pure_even_clusters": [],
      "pure_odd_clusters": []
    },
    "combination_analysis": {
      "working_combo_0": {
        "heads": [
          0,
          2,
          4,
          6,
          8,
          10,
          12,
          14
        ],
        "type": "working",
        "internal_similarity": -0.006244421271341187,
        "cluster_assignments": [
          "0",
          "0",
          "3",
          "3",
          "6",
          "6",
          "4",
          "4"
        ],
        "n_unique_clusters": 4,
        "cluster_purity": 0.5714285714285714
      },
      "working_combo_1": {
        "heads": [
          16,
          18,
          20,
          22,
          24,
          26,
          28,
          30
        ],
        "type": "working",
        "internal_similarity": -0.0008748069937740054,
        "cluster_assignments": [
          "2",
          "2",
          "5",
          "5",
          "7",
          "7",
          "1",
          "1"
        ],
        "n_unique_clusters": 4,
        "cluster_purity": 0.5714285714285714
      },
      "working_combo_2": {
        "heads": [
          0,
          4,
          8,
          12,
          16,
          20,
          24,
          28
        ],
        "type": "working",
        "internal_similarity": -0.0880029189533421,
        "cluster_assignments": [
          "0",
          "3",
          "6",
          "4",
          "2",
          "5",
          "7",
          "1"
        ],
        "n_unique_clusters": 8,
        "cluster_purity": 0.0
      },
      "failing_combo_0": {
        "heads": [
          0,
          4,
          12,
          14,
          16,
          18,
          26,
          30
        ],
        "type": "failing",
        "internal_similarity": -0.04516185873321125,
        "cluster_assignments": [
          "0",
          "3",
          "4",
          "4",
          "2",
          "2",
          "7",
          "1"
        ],
        "n_unique_clusters": 6,
        "cluster_purity": 0.2857142857142857
      },
      "failing_combo_1": {
        "heads": [
          1,
          3,
          5,
          7,
          9,
          11,
          13,
          15
        ],
        "type": "failing",
        "internal_similarity": -0.005372691633445876,
        "cluster_assignments": [
          "0",
          "0",
          "3",
          "3",
          "6",
          "6",
          "4",
          "4"
        ],
        "n_unique_clusters": 4,
        "cluster_purity": 0.5714285714285714
      },
      "failing_combo_2": {
        "heads": [
          2,
          4,
          6,
          8,
          12,
          14,
          18,
          30
        ],
        "type": "failing",
        "internal_similarity": -0.04430033479418073,
        "cluster_assignments": [
          "0",
          "3",
          "3",
          "6",
          "4",
          "4",
          "2",
          "1"
        ],
        "n_unique_clusters": 6,
        "cluster_purity": 0.2857142857142857
      },
      "summary": {
        "working_avg_similarity": -0.03170738240615243,
        "failing_avg_similarity": -0.03161162838694595,
        "working_avg_purity": 0.38095238095238093,
        "failing_avg_purity": 0.38095238095238093
      }
    },
    "functional_predictions": {
      "potential_combinations": [
        {
          "heads": [
            12,
            14,
            10,
            6,
            8,
            4,
            2,
            0
          ],
          "method": "most_similar_to_known_working",
          "basis": "functional_similarity_to_reference",
          "even_count": 8,
          "odd_count": 0,
          "even_ratio": 1.0
        }
      ]
    }
  }
}